000000040101 -150.0 -90.0 
000000040102 -50.0 -90.0 
000000030001 140.0 90.0 
000000020101 80.0 90.0 
000000010201 -90.0 0.0 
000000020001 30.0 90.0 
000000020301 80.0 0.0 
000000000301 -140.0 0.0 
000000020201 30.0 0.0 
000000000201 -200.0 0.0 
000000000101 -140.0 90.0 
000000030101 200.0 90.0 
000000030201 140.0 0.0 
000000000001 -200.0 90.0 
000000030301 200.0 0.0 
000000010301 -30.0 0.0 
000000040202 150.0 -90.0 
000000040201 50.0 -90.0 
000000010101 -30.0 90.0 
000000010001 -90.0 90.0 
000000000002 -215.0 160.0 
000000000003 -185.0 160.0 
000000000102 -155.0 160.0 
000000000103 -125.0 160.0 
000000010002 -95.0 160.0 
000000010003 -65.0 160.0 
000000010102 -35.0 160.0 
000000010103 -5.0 160.0 
000000020002 25.0 160.0 
000000020003 55.0 160.0 
000000020102 85.0 160.0 
000000020103 115.0 160.0 
000000030002 145.0 160.0 
000000030003 175.0 160.0 
000000030102 205.0 160.0 
000000030103 235.0 160.0 
