000000000015 -280.0 220.0 
000000000007 -180.0 150.0 
000000000008 60.0 140.0 
000000000009 200.0 130.0 
000000000019 290.0 10.0 
000000000018 290.0 200.0 
000000000004 -10.0 -90.0 
000000000016 -130.0 220.0 
000000000006 -170.0 30.0 
000000000014 -270.0 -0.0 
000000000013 -270.0 -170.0 
000000000012 -120.0 -170.0 
000000000011 50.0 -180.0 
000000000003 120.0 -100.0 
000000000017 80.0 210.0 
000000000002 120.0 40.0 
000000000005 -180.0 -90.0 
000000000010 180.0 -180.0 
000000000020 280.0 -210.0 
000000000001 -50.0 40.0 
